{
  "polygons" : "true",
  "field" : "golden",
  "symmetry" : "icosahedral",
  "orientations" : [ [ 1.0, 0.0, 0.0, 0.0, 0.0, 1.0, 0.0, 0.0, 0.0, 0.0, 1.0, 0.0, 0.0, 0.0, 0.0, 1.0 ], [ 0.0, 0.0, 1.0, 0.0, 1.0, 0.0, 0.0, 0.0, 0.0, 1.0, 0.0, 0.0, 0.0, 0.0, 0.0, 1.0 ], [ 0.0, 1.0, 0.0, 0.0, 0.0, 0.0, 1.0, 0.0, 1.0, 0.0, 0.0, 0.0, 0.0, 0.0, 0.0, 1.0 ], [ 0.809017, 0.309017, 0.5, 0.0, 0.309017, 0.5, -0.809017, 0.0, -0.5, 0.809017, 0.309017, 0.0, 0.0, 0.0, 0.0, 1.0 ], [ -0.5, 0.809017, 0.309017, 0.0, 0.809017, 0.309017, 0.5, 0.0, 0.309017, 0.5, -0.809017, 0.0, 0.0, 0.0, 0.0, 1.0 ], [ 0.309017, 0.5, -0.809017, 0.0, -0.5, 0.809017, 0.309017, 0.0, 0.809017, 0.309017, 0.5, 0.0, 0.0, 0.0, 0.0, 1.0 ], [ 0.5, 0.809017, 0.309017, 0.0, 0.809017, -0.309017, -0.5, 0.0, -0.309017, 0.5, -0.809017, 0.0, 0.0, 0.0, 0.0, 1.0 ], [ -0.309017, 0.5, -0.809017, 0.0, 0.5, 0.809017, 0.309017, 0.0, 0.809017, -0.309017, -0.5, 0.0, 0.0, 0.0, 0.0, 1.0 ], [ 0.809017, -0.309017, -0.5, 0.0, -0.309017, 0.5, -0.809017, 0.0, 0.5, 0.809017, 0.309017, 0.0, 0.0, 0.0, 0.0, 1.0 ], [ 0.5, 0.809017, -0.309017, 0.0, 0.809017, -0.309017, 0.5, 0.0, 0.309017, -0.5, -0.809017, 0.0, 0.0, 0.0, 0.0, 1.0 ], [ 0.309017, -0.5, -0.809017, 0.0, 0.5, 0.809017, -0.309017, 0.0, 0.809017, -0.309017, 0.5, 0.0, 0.0, 0.0, 0.0, 1.0 ], [ 0.809017, -0.309017, 0.5, 0.0, 0.309017, -0.5, -0.809017, 0.0, 0.5, 0.809017, -0.309017, 0.0, 0.0, 0.0, 0.0, 1.0 ], [ 0.809017, 0.309017, -0.5, 0.0, 0.309017, 0.5, 0.809017, 0.0, 0.5, -0.809017, 0.309017, 0.0, 0.0, 0.0, 0.0, 1.0 ], [ 0.5, -0.809017, 0.309017, 0.0, 0.809017, 0.309017, -0.5, 0.0, 0.309017, 0.5, 0.809017, 0.0, 0.0, 0.0, 0.0, 1.0 ], [ 0.309017, 0.5, 0.809017, 0.0, 0.5, -0.809017, 0.309017, 0.0, 0.809017, 0.309017, -0.5, 0.0, 0.0, 0.0, 0.0, 1.0 ], [ 1.0, 0.0, 0.0, 0.0, 0.0, -1.0, 0.0, 0.0, 0.0, 0.0, -1.0, 0.0, 0.0, 0.0, 0.0, 1.0 ], [ 0.0, 0.0, 1.0, 0.0, -1.0, 0.0, 0.0, 0.0, 0.0, -1.0, 0.0, 0.0, 0.0, 0.0, 0.0, 1.0 ], [ 0.0, 1.0, 0.0, 0.0, 0.0, 0.0, -1.0, 0.0, -1.0, 0.0, 0.0, 0.0, 0.0, 0.0, 0.0, 1.0 ], [ 0.809017, 0.309017, 0.5, 0.0, -0.309017, -0.5, 0.809017, 0.0, 0.5, -0.809017, -0.309017, 0.0, 0.0, 0.0, 0.0, 1.0 ], [ -0.5, 0.809017, 0.309017, 0.0, -0.809017, -0.309017, -0.5, 0.0, -0.309017, -0.5, 0.809017, 0.0, 0.0, 0.0, 0.0, 1.0 ], [ 0.309017, 0.5, -0.809017, 0.0, 0.5, -0.809017, -0.309017, 0.0, -0.809017, -0.309017, -0.5, 0.0, 0.0, 0.0, 0.0, 1.0 ], [ 0.5, 0.809017, 0.309017, 0.0, -0.809017, 0.309017, 0.5, 0.0, 0.309017, -0.5, 0.809017, 0.0, 0.0, 0.0, 0.0, 1.0 ], [ -0.309017, 0.5, -0.809017, 0.0, -0.5, -0.809017, -0.309017, 0.0, -0.809017, 0.309017, 0.5, 0.0, 0.0, 0.0, 0.0, 1.0 ], [ 0.809017, -0.309017, -0.5, 0.0, 0.309017, -0.5, 0.809017, 0.0, -0.5, -0.809017, -0.309017, 0.0, 0.0, 0.0, 0.0, 1.0 ], [ 0.5, 0.809017, -0.309017, 0.0, -0.809017, 0.309017, -0.5, 0.0, -0.309017, 0.5, 0.809017, 0.0, 0.0, 0.0, 0.0, 1.0 ], [ 0.309017, -0.5, -0.809017, 0.0, -0.5, -0.809017, 0.309017, 0.0, -0.809017, 0.309017, -0.5, 0.0, 0.0, 0.0, 0.0, 1.0 ], [ 0.809017, -0.309017, 0.5, 0.0, -0.309017, 0.5, 0.809017, 0.0, -0.5, -0.809017, 0.309017, 0.0, 0.0, 0.0, 0.0, 1.0 ], [ 0.809017, 0.309017, -0.5, 0.0, -0.309017, -0.5, -0.809017, 0.0, -0.5, 0.809017, -0.309017, 0.0, 0.0, 0.0, 0.0, 1.0 ], [ 0.5, -0.809017, 0.309017, 0.0, -0.809017, -0.309017, 0.5, 0.0, -0.309017, -0.5, -0.809017, 0.0, 0.0, 0.0, 0.0, 1.0 ], [ 0.309017, 0.5, 0.809017, 0.0, -0.5, 0.809017, -0.309017, 0.0, -0.809017, -0.309017, 0.5, 0.0, 0.0, 0.0, 0.0, 1.0 ], [ -1.0, 0.0, 0.0, 0.0, 0.0, -1.0, 0.0, 0.0, 0.0, 0.0, 1.0, 0.0, 0.0, 0.0, 0.0, 1.0 ], [ 0.0, 0.0, -1.0, 0.0, -1.0, 0.0, 0.0, 0.0, 0.0, 1.0, 0.0, 0.0, 0.0, 0.0, 0.0, 1.0 ], [ 0.0, -1.0, 0.0, 0.0, 0.0, 0.0, -1.0, 0.0, 1.0, 0.0, 0.0, 0.0, 0.0, 0.0, 0.0, 1.0 ], [ -0.809017, -0.309017, -0.5, 0.0, -0.309017, -0.5, 0.809017, 0.0, -0.5, 0.809017, 0.309017, 0.0, 0.0, 0.0, 0.0, 1.0 ], [ 0.5, -0.809017, -0.309017, 0.0, -0.809017, -0.309017, -0.5, 0.0, 0.309017, 0.5, -0.809017, 0.0, 0.0, 0.0, 0.0, 1.0 ], [ -0.309017, -0.5, 0.809017, 0.0, 0.5, -0.809017, -0.309017, 0.0, 0.809017, 0.309017, 0.5, 0.0, 0.0, 0.0, 0.0, 1.0 ], [ -0.5, -0.809017, -0.309017, 0.0, -0.809017, 0.309017, 0.5, 0.0, -0.309017, 0.5, -0.809017, 0.0, 0.0, 0.0, 0.0, 1.0 ], [ 0.309017, -0.5, 0.809017, 0.0, -0.5, -0.809017, -0.309017, 0.0, 0.809017, -0.309017, -0.5, 0.0, 0.0, 0.0, 0.0, 1.0 ], [ -0.809017, 0.309017, 0.5, 0.0, 0.309017, -0.5, 0.809017, 0.0, 0.5, 0.809017, 0.309017, 0.0, 0.0, 0.0, 0.0, 1.0 ], [ -0.5, -0.809017, 0.309017, 0.0, -0.809017, 0.309017, -0.5, 0.0, 0.309017, -0.5, -0.809017, 0.0, 0.0, 0.0, 0.0, 1.0 ], [ -0.309017, 0.5, 0.809017, 0.0, -0.5, -0.809017, 0.309017, 0.0, 0.809017, -0.309017, 0.5, 0.0, 0.0, 0.0, 0.0, 1.0 ], [ -0.809017, 0.309017, -0.5, 0.0, -0.309017, 0.5, 0.809017, 0.0, 0.5, 0.809017, -0.309017, 0.0, 0.0, 0.0, 0.0, 1.0 ], [ -0.809017, -0.309017, 0.5, 0.0, -0.309017, -0.5, -0.809017, 0.0, 0.5, -0.809017, 0.309017, 0.0, 0.0, 0.0, 0.0, 1.0 ], [ -0.5, 0.809017, -0.309017, 0.0, -0.809017, -0.309017, 0.5, 0.0, 0.309017, 0.5, 0.809017, 0.0, 0.0, 0.0, 0.0, 1.0 ], [ -0.309017, -0.5, -0.809017, 0.0, -0.5, 0.809017, -0.309017, 0.0, 0.809017, 0.309017, -0.5, 0.0, 0.0, 0.0, 0.0, 1.0 ], [ -1.0, 0.0, 0.0, 0.0, 0.0, 1.0, 0.0, 0.0, 0.0, 0.0, -1.0, 0.0, 0.0, 0.0, 0.0, 1.0 ], [ 0.0, 0.0, -1.0, 0.0, 1.0, 0.0, 0.0, 0.0, 0.0, -1.0, 0.0, 0.0, 0.0, 0.0, 0.0, 1.0 ], [ 0.0, -1.0, 0.0, 0.0, 0.0, 0.0, 1.0, 0.0, -1.0, 0.0, 0.0, 0.0, 0.0, 0.0, 0.0, 1.0 ], [ -0.809017, -0.309017, -0.5, 0.0, 0.309017, 0.5, -0.809017, 0.0, 0.5, -0.809017, -0.309017, 0.0, 0.0, 0.0, 0.0, 1.0 ], [ 0.5, -0.809017, -0.309017, 0.0, 0.809017, 0.309017, 0.5, 0.0, -0.309017, -0.5, 0.809017, 0.0, 0.0, 0.0, 0.0, 1.0 ], [ -0.309017, -0.5, 0.809017, 0.0, -0.5, 0.809017, 0.309017, 0.0, -0.809017, -0.309017, -0.5, 0.0, 0.0, 0.0, 0.0, 1.0 ], [ -0.5, -0.809017, -0.309017, 0.0, 0.809017, -0.309017, -0.5, 0.0, 0.309017, -0.5, 0.809017, 0.0, 0.0, 0.0, 0.0, 1.0 ], [ 0.309017, -0.5, 0.809017, 0.0, 0.5, 0.809017, 0.309017, 0.0, -0.809017, 0.309017, 0.5, 0.0, 0.0, 0.0, 0.0, 1.0 ], [ -0.809017, 0.309017, 0.5, 0.0, -0.309017, 0.5, -0.809017, 0.0, -0.5, -0.809017, -0.309017, 0.0, 0.0, 0.0, 0.0, 1.0 ], [ -0.5, -0.809017, 0.309017, 0.0, 0.809017, -0.309017, 0.5, 0.0, -0.309017, 0.5, 0.809017, 0.0, 0.0, 0.0, 0.0, 1.0 ], [ -0.309017, 0.5, 0.809017, 0.0, 0.5, 0.809017, -0.309017, 0.0, -0.809017, 0.309017, -0.5, 0.0, 0.0, 0.0, 0.0, 1.0 ], [ -0.809017, 0.309017, -0.5, 0.0, 0.309017, -0.5, -0.809017, 0.0, -0.5, -0.809017, 0.309017, 0.0, 0.0, 0.0, 0.0, 1.0 ], [ -0.809017, -0.309017, 0.5, 0.0, 0.309017, 0.5, 0.809017, 0.0, -0.5, 0.809017, -0.309017, 0.0, 0.0, 0.0, 0.0, 1.0 ], [ -0.5, 0.809017, -0.309017, 0.0, 0.809017, 0.309017, -0.5, 0.0, -0.309017, -0.5, -0.809017, 0.0, 0.0, 0.0, 0.0, 1.0 ], [ -0.309017, -0.5, -0.809017, 0.0, 0.5, -0.809017, 0.309017, 0.0, -0.809017, -0.309017, 0.5, 0.0, 0.0, 0.0, 0.0, 1.0 ] ],
  "lights" : {
    "directionalLights" : [ {
      "direction" : [ 1.0, -1.0, -1.0 ],
      "color" : "#EBEBE4"
    }, {
      "direction" : [ -1.0, 0.0, 0.0 ],
      "color" : "#E4E4EB"
    }, {
      "direction" : [ 0.0, 0.0, -1.0 ],
      "color" : "#1E1E1E"
    } ],
    "backgroundColor" : "#AFC8DC",
    "ambientColor" : "#292929"
  },
  "camera" : {
    "width" : 50.925903,
    "position" : {
      "x" : 81.267365,
      "y" : 51.61105,
      "z" : 68.86595
    },
    "perspective" : true,
    "nearClipDistance" : 0.28292176,
    "viewDistance" : 113.16868,
    "lookAtPointRV" : {
      "x" : 8.472136,
      "y" : -4.236068,
      "z" : 2.618034,
      "zero" : false
    },
    "fieldOfView" : 0.44262886,
    "lookDirectionRV" : {
      "x" : -0.64324534,
      "y" : -0.49348566,
      "z" : -0.5853909,
      "zero" : false
    },
    "upDirectionRV" : {
      "x" : 0.76429474,
      "y" : -0.45934334,
      "z" : -0.4525258,
      "zero" : false
    },
    "lookAtPoint" : {
      "x" : 8.472136,
      "y" : -4.236068,
      "z" : 2.618034
    },
    "lookDirection" : {
      "x" : -0.64324534,
      "y" : -0.49348566,
      "z" : -0.5853909
    },
    "upDirection" : {
      "x" : 0.76429474,
      "y" : -0.45934334,
      "z" : -0.4525258
    },
    "farClipDistance" : 226.33711,
    "stereo" : false
  },
  "embedding" : [ 1.0, 0.0, 0.0, 0.0, 0.0, 1.0, 0.0, 0.0, 0.0, 0.0, 1.0, 0.0, 0.0, 0.0, 0.0, 1.0 ],
  "shapes" : [ {
    "id" : "92b7528f-b9d7-4e81-a1c1-0503325479c9",
    "orbit" : "red",
    "orbitC" : "[[-1,1,1],[0,0,1]]",
    "length" : "[-1,1,1]",
    "name" : "r0",
    "vertices" : [ {
      "x" : 1.309017,
      "y" : 0.927051,
      "z" : 0.309017
    }, {
      "x" : 2.927051,
      "y" : 1.690983,
      "z" : 0.309017
    }, {
      "x" : 2.736068,
      "y" : 2.0,
      "z" : 0.19098301
    }, {
      "x" : 0.809017,
      "y" : 0.618034,
      "z" : -0.309017
    }, {
      "x" : 0.690983,
      "y" : 0.809017,
      "z" : 0.0
    }, {
      "x" : 1.190983,
      "y" : 1.118034,
      "z" : 0.0
    }, {
      "x" : 1.309017,
      "y" : 0.927051,
      "z" : -0.309017
    }, {
      "x" : 3.427051,
      "y" : 2.0,
      "z" : 0.309017
    }, {
      "x" : 1.5,
      "y" : 0.618034,
      "z" : 0.19098301
    }, {
      "x" : 1.5,
      "y" : 0.618034,
      "z" : -0.19098301
    }, {
      "x" : 3.045085,
      "y" : 1.5,
      "z" : 0.0
    }, {
      "x" : 2.927051,
      "y" : 1.690983,
      "z" : -0.309017
    }, {
      "x" : 3.545085,
      "y" : 1.809017,
      "z" : 0.0
    }, {
      "x" : 1.0,
      "y" : 0.309017,
      "z" : 0.19098301
    }, {
      "x" : 1.0,
      "y" : 0.309017,
      "z" : -0.19098301
    }, {
      "x" : 0.809017,
      "y" : 0.618034,
      "z" : 0.309017
    }, {
      "x" : 3.236068,
      "y" : 2.309017,
      "z" : 0.19098301
    }, {
      "x" : 3.427051,
      "y" : 2.0,
      "z" : -0.309017
    }, {
      "x" : 3.236068,
      "y" : 2.309017,
      "z" : -0.19098301
    }, {
      "x" : 4.236068,
      "y" : 2.618034,
      "z" : 0.0
    }, {
      "x" : 2.736068,
      "y" : 2.0,
      "z" : -0.19098301
    } ],
    "faces" : [ {
      "vertices" : [ 3, 6, 9, 14 ]
    }, {
      "vertices" : [ 11, 20, 18, 17 ]
    }, {
      "vertices" : [ 0, 1, 2 ]
    }, {
      "vertices" : [ 0, 15, 13, 8 ]
    }, {
      "vertices" : [ 6, 20, 11 ]
    }, {
      "vertices" : [ 0, 2, 5 ]
    }, {
      "vertices" : [ 0, 8, 1 ]
    }, {
      "vertices" : [ 8, 13, 14, 9 ]
    }, {
      "vertices" : [ 3, 4, 5, 6 ]
    }, {
      "vertices" : [ 10, 11, 17, 12 ]
    }, {
      "vertices" : [ 1, 8, 10 ]
    }, {
      "vertices" : [ 0, 5, 4, 15 ]
    }, {
      "vertices" : [ 2, 16, 18, 20 ]
    }, {
      "vertices" : [ 1, 7, 16, 2 ]
    }, {
      "vertices" : [ 6, 11, 9 ]
    }, {
      "vertices" : [ 8, 9, 10 ]
    }, {
      "vertices" : [ 2, 20, 5 ]
    }, {
      "vertices" : [ 9, 11, 10 ]
    }, {
      "vertices" : [ 1, 10, 12, 7 ]
    }, {
      "vertices" : [ 5, 20, 6 ]
    } ]
  }, {
    "id" : "04d49d04-e203-43bd-b984-6dc270edaed7",
    "name" : "ball",
    "vertices" : [ {
      "x" : 0.309017,
      "y" : -0.809017,
      "z" : 0.618034
    }, {
      "x" : 0.809017,
      "y" : -0.618034,
      "z" : 0.309017
    }, {
      "x" : 0.618034,
      "y" : -0.309017,
      "z" : 0.809017
    }, {
      "x" : 1.0,
      "y" : 0.309017,
      "z" : 0.19098301
    }, {
      "x" : 0.809017,
      "y" : 0.618034,
      "z" : 0.309017
    }, {
      "x" : 0.618034,
      "y" : 0.309017,
      "z" : 0.809017
    }, {
      "x" : 0.809017,
      "y" : 0.0,
      "z" : 0.690983
    }, {
      "x" : 0.19098301,
      "y" : -1.0,
      "z" : 0.309017
    }, {
      "x" : -0.19098301,
      "y" : -1.0,
      "z" : 0.309017
    }, {
      "x" : -0.19098301,
      "y" : -1.0,
      "z" : -0.309017
    }, {
      "x" : 0.19098301,
      "y" : -1.0,
      "z" : -0.309017
    }, {
      "x" : 1.0,
      "y" : -0.309017,
      "z" : -0.19098301
    }, {
      "x" : 0.809017,
      "y" : -0.618034,
      "z" : -0.309017
    }, {
      "x" : 0.618034,
      "y" : -0.309017,
      "z" : -0.809017
    }, {
      "x" : 0.809017,
      "y" : 0.0,
      "z" : -0.690983
    }, {
      "x" : 0.0,
      "y" : 0.690983,
      "z" : -0.809017
    }, {
      "x" : 0.309017,
      "y" : 0.809017,
      "z" : -0.618034
    }, {
      "x" : 0.618034,
      "y" : 0.309017,
      "z" : -0.809017
    }, {
      "x" : 0.309017,
      "y" : 0.19098301,
      "z" : -1.0
    }, {
      "x" : 1.0,
      "y" : 0.309017,
      "z" : -0.19098301
    }, {
      "x" : -0.309017,
      "y" : -0.809017,
      "z" : 0.618034
    }, {
      "x" : 0.0,
      "y" : -0.690983,
      "z" : 0.809017
    }, {
      "x" : 0.809017,
      "y" : 0.618034,
      "z" : -0.309017
    }, {
      "x" : 0.690983,
      "y" : 0.809017,
      "z" : 0.0
    }, {
      "x" : -0.690983,
      "y" : 0.809017,
      "z" : 0.0
    }, {
      "x" : -0.809017,
      "y" : 0.618034,
      "z" : 0.309017
    }, {
      "x" : -0.309017,
      "y" : 0.809017,
      "z" : 0.618034
    }, {
      "x" : -0.19098301,
      "y" : 1.0,
      "z" : 0.309017
    }, {
      "x" : 0.309017,
      "y" : -0.19098301,
      "z" : -1.0
    }, {
      "x" : 0.19098301,
      "y" : 1.0,
      "z" : 0.309017
    }, {
      "x" : 0.309017,
      "y" : 0.809017,
      "z" : 0.618034
    }, {
      "x" : -0.809017,
      "y" : -0.618034,
      "z" : 0.309017
    }, {
      "x" : -0.690983,
      "y" : -0.809017,
      "z" : 0.0
    }, {
      "x" : 0.0,
      "y" : 0.690983,
      "z" : 0.809017
    }, {
      "x" : 0.309017,
      "y" : -0.809017,
      "z" : -0.618034
    }, {
      "x" : 0.0,
      "y" : -0.690983,
      "z" : -0.809017
    }, {
      "x" : -1.0,
      "y" : 0.309017,
      "z" : 0.19098301
    }, {
      "x" : -0.809017,
      "y" : 0.0,
      "z" : 0.690983
    }, {
      "x" : -0.618034,
      "y" : 0.309017,
      "z" : 0.809017
    }, {
      "x" : 1.0,
      "y" : -0.309017,
      "z" : 0.19098301
    }, {
      "x" : -0.309017,
      "y" : -0.809017,
      "z" : -0.618034
    }, {
      "x" : -1.0,
      "y" : 0.309017,
      "z" : -0.19098301
    }, {
      "x" : -1.0,
      "y" : -0.309017,
      "z" : -0.19098301
    }, {
      "x" : -1.0,
      "y" : -0.309017,
      "z" : 0.19098301
    }, {
      "x" : 0.19098301,
      "y" : 1.0,
      "z" : -0.309017
    }, {
      "x" : -0.809017,
      "y" : 0.618034,
      "z" : -0.309017
    }, {
      "x" : -0.19098301,
      "y" : 1.0,
      "z" : -0.309017
    }, {
      "x" : -0.309017,
      "y" : 0.809017,
      "z" : -0.618034
    }, {
      "x" : -0.618034,
      "y" : -0.309017,
      "z" : 0.809017
    }, {
      "x" : 0.309017,
      "y" : 0.19098301,
      "z" : 1.0
    }, {
      "x" : -0.309017,
      "y" : 0.19098301,
      "z" : -1.0
    }, {
      "x" : -0.309017,
      "y" : 0.19098301,
      "z" : 1.0
    }, {
      "x" : -0.309017,
      "y" : -0.19098301,
      "z" : 1.0
    }, {
      "x" : 0.309017,
      "y" : -0.19098301,
      "z" : 1.0
    }, {
      "x" : 0.690983,
      "y" : -0.809017,
      "z" : 0.0
    }, {
      "x" : -0.809017,
      "y" : 0.0,
      "z" : -0.690983
    }, {
      "x" : -0.618034,
      "y" : -0.309017,
      "z" : -0.809017
    }, {
      "x" : -0.309017,
      "y" : -0.19098301,
      "z" : -1.0
    }, {
      "x" : -0.618034,
      "y" : 0.309017,
      "z" : -0.809017
    }, {
      "x" : -0.809017,
      "y" : -0.618034,
      "z" : -0.309017
    } ],
    "faces" : [ {
      "vertices" : [ 9, 40, 35, 34, 10 ]
    }, {
      "vertices" : [ 0, 1, 2 ]
    }, {
      "vertices" : [ 33, 51, 49 ]
    }, {
      "vertices" : [ 25, 36, 37, 38 ]
    }, {
      "vertices" : [ 41, 55, 42 ]
    }, {
      "vertices" : [ 9, 32, 59, 40 ]
    }, {
      "vertices" : [ 20, 21, 52, 48 ]
    }, {
      "vertices" : [ 26, 33, 30, 29, 27 ]
    }, {
      "vertices" : [ 3, 4, 5, 6 ]
    }, {
      "vertices" : [ 27, 29, 44, 46 ]
    }, {
      "vertices" : [ 50, 57, 56, 55, 58 ]
    }, {
      "vertices" : [ 26, 38, 51, 33 ]
    }, {
      "vertices" : [ 45, 47, 58 ]
    }, {
      "vertices" : [ 18, 28, 57, 50 ]
    }, {
      "vertices" : [ 40, 59, 56 ]
    }, {
      "vertices" : [ 31, 48, 37, 43 ]
    }, {
      "vertices" : [ 7, 8, 9, 10 ]
    }, {
      "vertices" : [ 36, 41, 42, 43 ]
    }, {
      "vertices" : [ 24, 46, 47, 45 ]
    }, {
      "vertices" : [ 4, 30, 5 ]
    }, {
      "vertices" : [ 15, 47, 46, 44, 16 ]
    }, {
      "vertices" : [ 15, 50, 58, 47 ]
    }, {
      "vertices" : [ 24, 45, 41, 36, 25 ]
    }, {
      "vertices" : [ 11, 14, 19 ]
    }, {
      "vertices" : [ 3, 6, 39 ]
    }, {
      "vertices" : [ 1, 39, 6, 2 ]
    }, {
      "vertices" : [ 8, 32, 9 ]
    }, {
      "vertices" : [ 11, 12, 13, 14 ]
    }, {
      "vertices" : [ 16, 22, 17 ]
    }, {
      "vertices" : [ 0, 21, 20, 8, 7 ]
    }, {
      "vertices" : [ 12, 34, 13 ]
    }, {
      "vertices" : [ 35, 40, 56, 57 ]
    }, {
      "vertices" : [ 0, 7, 54, 1 ]
    }, {
      "vertices" : [ 15, 16, 17, 18 ]
    }, {
      "vertices" : [ 3, 19, 22, 23, 4 ]
    }, {
      "vertices" : [ 7, 10, 54 ]
    }, {
      "vertices" : [ 41, 45, 58, 55 ]
    }, {
      "vertices" : [ 3, 39, 11, 19 ]
    }, {
      "vertices" : [ 14, 17, 22, 19 ]
    }, {
      "vertices" : [ 0, 2, 53, 21 ]
    }, {
      "vertices" : [ 49, 51, 52, 53 ]
    }, {
      "vertices" : [ 31, 43, 42, 59, 32 ]
    }, {
      "vertices" : [ 15, 18, 50 ]
    }, {
      "vertices" : [ 42, 55, 56, 59 ]
    }, {
      "vertices" : [ 4, 23, 29, 30 ]
    }, {
      "vertices" : [ 25, 38, 26 ]
    }, {
      "vertices" : [ 13, 28, 18, 17, 14 ]
    }, {
      "vertices" : [ 8, 20, 31, 32 ]
    }, {
      "vertices" : [ 23, 44, 29 ]
    }, {
      "vertices" : [ 24, 27, 46 ]
    }, {
      "vertices" : [ 37, 48, 52, 51, 38 ]
    }, {
      "vertices" : [ 20, 48, 31 ]
    }, {
      "vertices" : [ 24, 25, 26, 27 ]
    }, {
      "vertices" : [ 16, 44, 23, 22 ]
    }, {
      "vertices" : [ 13, 34, 35, 28 ]
    }, {
      "vertices" : [ 10, 34, 12, 54 ]
    }, {
      "vertices" : [ 2, 6, 5, 49, 53 ]
    }, {
      "vertices" : [ 36, 43, 37 ]
    }, {
      "vertices" : [ 5, 30, 33, 49 ]
    }, {
      "vertices" : [ 1, 54, 12, 11, 39 ]
    }, {
      "vertices" : [ 28, 35, 57 ]
    }, {
      "vertices" : [ 21, 53, 52 ]
    } ]
  } ],
  "instances" : [ {
    "shape" : "92b7528f-b9d7-4e81-a1c1-0503325479c9",
    "color" : "#D91218",
    "position" : {
      "x" : 8.472136,
      "y" : 17.944271,
      "z" : 16.326239
    },
    "orientation" : 30
  }, {
    "shape" : "92b7528f-b9d7-4e81-a1c1-0503325479c9",
    "color" : "#D91218",
    "position" : {
      "x" : 4.236068,
      "y" : 6.854102,
      "z" : 11.09017
    },
    "orientation" : 15
  }, {
    "shape" : "92b7528f-b9d7-4e81-a1c1-0503325479c9",
    "color" : "#D91218",
    "position" : {
      "x" : 4.236068,
      "y" : 11.09017,
      "z" : 13.708204
    },
    "orientation" : 45
  }, {
    "shape" : "92b7528f-b9d7-4e81-a1c1-0503325479c9",
    "color" : "#000000",
    "position" : {
      "x" : 6.854102,
      "y" : -6.854102,
      "z" : -6.854102
    },
    "orientation" : 0
  }, {
    "shape" : "04d49d04-e203-43bd-b984-6dc270edaed7",
    "color" : "#F2F2F2",
    "position" : {
      "x" : 4.236068,
      "y" : 2.618034,
      "z" : 22.18034
    }
  }, {
    "shape" : "92b7528f-b9d7-4e81-a1c1-0503325479c9",
    "color" : "#000000",
    "position" : {
      "x" : -6.854102,
      "y" : 2.618034,
      "z" : 17.944271
    },
    "orientation" : 46
  }, {
    "shape" : "92b7528f-b9d7-4e81-a1c1-0503325479c9",
    "color" : "#D91218",
    "position" : {
      "x" : -2.618034,
      "y" : 0.0,
      "z" : -4.236068
    },
    "orientation" : 30
  }, {
    "shape" : "92b7528f-b9d7-4e81-a1c1-0503325479c9",
    "color" : "#000000",
    "position" : {
      "x" : 4.236068,
      "y" : 15.326238,
      "z" : 11.09017
    },
    "orientation" : 17
  }, {
    "shape" : "04d49d04-e203-43bd-b984-6dc270edaed7",
    "color" : "#0000FF",
    "position" : {
      "x" : 11.09017,
      "y" : 17.944271,
      "z" : 20.562305
    }
  }, {
    "shape" : "92b7528f-b9d7-4e81-a1c1-0503325479c9",
    "color" : "#D91218",
    "position" : {
      "x" : 1.618034,
      "y" : 6.854102,
      "z" : 6.854102
    },
    "orientation" : 17
  }, {
    "shape" : "92b7528f-b9d7-4e81-a1c1-0503325479c9",
    "color" : "#D91218",
    "position" : {
      "x" : 15.326238,
      "y" : -6.854102,
      "z" : 6.854102
    },
    "orientation" : 16
  }, {
    "shape" : "92b7528f-b9d7-4e81-a1c1-0503325479c9",
    "color" : "#D91218",
    "position" : {
      "x" : 1.618034,
      "y" : 11.09017,
      "z" : 9.472136
    },
    "orientation" : 46
  }, {
    "shape" : "04d49d04-e203-43bd-b984-6dc270edaed7",
    "color" : "#F2F2F2",
    "position" : {
      "x" : 6.854102,
      "y" : -11.09017,
      "z" : -4.236068
    }
  }, {
    "shape" : "92b7528f-b9d7-4e81-a1c1-0503325479c9",
    "color" : "#D91218",
    "position" : {
      "x" : -2.618034,
      "y" : -4.236068,
      "z" : -1.618034
    },
    "orientation" : 46
  }, {
    "shape" : "04d49d04-e203-43bd-b984-6dc270edaed7",
    "color" : "#F2F2F2",
    "position" : {
      "x" : 0.0,
      "y" : -13.708204,
      "z" : 0.0
    }
  }, {
    "shape" : "04d49d04-e203-43bd-b984-6dc270edaed7",
    "color" : "#F2F2F2",
    "position" : {
      "x" : -6.854102,
      "y" : 6.854102,
      "z" : -1.618034
    }
  }, {
    "shape" : "04d49d04-e203-43bd-b984-6dc270edaed7",
    "color" : "#0000FF",
    "position" : {
      "x" : 15.326238,
      "y" : 6.854102,
      "z" : 20.562305
    }
  }, {
    "shape" : "04d49d04-e203-43bd-b984-6dc270edaed7",
    "color" : "#F2F2F2",
    "position" : {
      "x" : -6.854102,
      "y" : 11.09017,
      "z" : 9.472136
    }
  }, {
    "shape" : "04d49d04-e203-43bd-b984-6dc270edaed7",
    "color" : "#F2F2F2",
    "position" : {
      "x" : -4.236068,
      "y" : 6.854102,
      "z" : 11.09017
    }
  }, {
    "shape" : "92b7528f-b9d7-4e81-a1c1-0503325479c9",
    "color" : "#D91218",
    "position" : {
      "x" : 0.0,
      "y" : 0.0,
      "z" : 0.0
    },
    "orientation" : 32
  }, {
    "shape" : "04d49d04-e203-43bd-b984-6dc270edaed7",
    "color" : "#F2F2F2",
    "position" : {
      "x" : -2.618034,
      "y" : 0.0,
      "z" : 17.944271
    }
  }, {
    "shape" : "92b7528f-b9d7-4e81-a1c1-0503325479c9",
    "color" : "#000000",
    "position" : {
      "x" : -2.618034,
      "y" : -4.236068,
      "z" : -6.854102
    },
    "orientation" : 31
  }, {
    "shape" : "92b7528f-b9d7-4e81-a1c1-0503325479c9",
    "color" : "#D91218",
    "position" : {
      "x" : 8.472136,
      "y" : -4.236068,
      "z" : 11.09017
    },
    "orientation" : 31
  }, {
    "shape" : "04d49d04-e203-43bd-b984-6dc270edaed7",
    "color" : "#CCFFCC",
    "position" : {
      "x" : -2.618034,
      "y" : 0.0,
      "z" : 9.472136
    }
  }, {
    "shape" : "92b7528f-b9d7-4e81-a1c1-0503325479c9",
    "color" : "#D91218",
    "position" : {
      "x" : 0.0,
      "y" : 8.472136,
      "z" : 13.708204
    },
    "orientation" : 45
  }, {
    "shape" : "92b7528f-b9d7-4e81-a1c1-0503325479c9",
    "color" : "#D91218",
    "position" : {
      "x" : 4.236068,
      "y" : -6.854102,
      "z" : 2.618034
    },
    "orientation" : 45
  }, {
    "shape" : "92b7528f-b9d7-4e81-a1c1-0503325479c9",
    "color" : "#D91218",
    "position" : {
      "x" : 8.472136,
      "y" : 8.472136,
      "z" : 13.708204
    },
    "orientation" : 0
  }, {
    "shape" : "92b7528f-b9d7-4e81-a1c1-0503325479c9",
    "color" : "#D91218",
    "position" : {
      "x" : 17.944271,
      "y" : 2.618034,
      "z" : 13.708204
    },
    "orientation" : 47
  }, {
    "shape" : "92b7528f-b9d7-4e81-a1c1-0503325479c9",
    "color" : "#000000",
    "position" : {
      "x" : 0.0,
      "y" : -13.708204,
      "z" : 0.0
    },
    "orientation" : 32
  }, {
    "shape" : "92b7528f-b9d7-4e81-a1c1-0503325479c9",
    "color" : "#000000",
    "position" : {
      "x" : 11.09017,
      "y" : 8.472136,
      "z" : -4.236068
    },
    "orientation" : 45
  }, {
    "shape" : "92b7528f-b9d7-4e81-a1c1-0503325479c9",
    "color" : "#D91218",
    "position" : {
      "x" : 11.09017,
      "y" : 4.236068,
      "z" : 6.854102
    },
    "orientation" : 0
  }, {
    "shape" : "92b7528f-b9d7-4e81-a1c1-0503325479c9",
    "color" : "#D91218",
    "position" : {
      "x" : 11.09017,
      "y" : 4.236068,
      "z" : 15.326238
    },
    "orientation" : 0
  }, {
    "shape" : "92b7528f-b9d7-4e81-a1c1-0503325479c9",
    "color" : "#D91218",
    "position" : {
      "x" : 1.618034,
      "y" : 11.09017,
      "z" : 9.472136
    },
    "orientation" : 45
  }, {
    "shape" : "92b7528f-b9d7-4e81-a1c1-0503325479c9",
    "color" : "#000000",
    "position" : {
      "x" : 11.09017,
      "y" : 13.708204,
      "z" : 4.236068
    },
    "orientation" : 47
  }, {
    "shape" : "04d49d04-e203-43bd-b984-6dc270edaed7",
    "color" : "#F2F2F2",
    "position" : {
      "x" : 17.944271,
      "y" : -2.618034,
      "z" : 22.18034
    }
  }, {
    "shape" : "92b7528f-b9d7-4e81-a1c1-0503325479c9",
    "color" : "#D91218",
    "position" : {
      "x" : 4.236068,
      "y" : -6.854102,
      "z" : 11.09017
    },
    "orientation" : 45
  }, {
    "shape" : "92b7528f-b9d7-4e81-a1c1-0503325479c9",
    "color" : "#D91218",
    "position" : {
      "x" : 8.472136,
      "y" : 0.0,
      "z" : 22.18034
    },
    "orientation" : 17
  }, {
    "shape" : "04d49d04-e203-43bd-b984-6dc270edaed7",
    "color" : "#F2F2F2",
    "position" : {
      "x" : -9.472136,
      "y" : 6.854102,
      "z" : 2.618034
    }
  }, {
    "shape" : "04d49d04-e203-43bd-b984-6dc270edaed7",
    "color" : "#F2F2F2",
    "position" : {
      "x" : 1.618034,
      "y" : 6.854102,
      "z" : -6.854102
    }
  }, {
    "shape" : "04d49d04-e203-43bd-b984-6dc270edaed7",
    "color" : "#CCFFCC",
    "position" : {
      "x" : 0.0,
      "y" : -4.236068,
      "z" : 2.618034
    }
  }, {
    "shape" : "92b7528f-b9d7-4e81-a1c1-0503325479c9",
    "color" : "#D91218",
    "position" : {
      "x" : 11.09017,
      "y" : 0.0,
      "z" : 4.236068
    },
    "orientation" : 0
  }, {
    "shape" : "04d49d04-e203-43bd-b984-6dc270edaed7",
    "color" : "#F2F2F2",
    "position" : {
      "x" : 15.326238,
      "y" : 11.09017,
      "z" : 9.472136
    }
  }, {
    "shape" : "92b7528f-b9d7-4e81-a1c1-0503325479c9",
    "color" : "#000000",
    "position" : {
      "x" : 19.562305,
      "y" : 0.0,
      "z" : 4.236068
    },
    "orientation" : 31
  }, {
    "shape" : "92b7528f-b9d7-4e81-a1c1-0503325479c9",
    "color" : "#000000",
    "position" : {
      "x" : -2.618034,
      "y" : 8.472136,
      "z" : 17.944271
    },
    "orientation" : 31
  }, {
    "shape" : "92b7528f-b9d7-4e81-a1c1-0503325479c9",
    "color" : "#D91218",
    "position" : {
      "x" : 4.236068,
      "y" : 11.09017,
      "z" : 0.0
    },
    "orientation" : 17
  }, {
    "shape" : "04d49d04-e203-43bd-b984-6dc270edaed7",
    "color" : "#F2F2F2",
    "position" : {
      "x" : 0.0,
      "y" : 0.0,
      "z" : 22.18034
    }
  }, {
    "shape" : "92b7528f-b9d7-4e81-a1c1-0503325479c9",
    "color" : "#D91218",
    "position" : {
      "x" : 0.0,
      "y" : 0.0,
      "z" : 0.0
    },
    "orientation" : 1
  }, {
    "shape" : "04d49d04-e203-43bd-b984-6dc270edaed7",
    "color" : "#F2F2F2",
    "position" : {
      "x" : -6.854102,
      "y" : 2.618034,
      "z" : 9.472136
    }
  }, {
    "shape" : "92b7528f-b9d7-4e81-a1c1-0503325479c9",
    "color" : "#D91218",
    "position" : {
      "x" : 11.09017,
      "y" : 0.0,
      "z" : 17.944271
    },
    "orientation" : 16
  }, {
    "shape" : "92b7528f-b9d7-4e81-a1c1-0503325479c9",
    "color" : "#D91218",
    "position" : {
      "x" : -2.618034,
      "y" : 0.0,
      "z" : 17.944271
    },
    "orientation" : 15
  }, {
    "shape" : "92b7528f-b9d7-4e81-a1c1-0503325479c9",
    "color" : "#000000",
    "position" : {
      "x" : 0.0,
      "y" : 13.708204,
      "z" : 13.708204
    },
    "orientation" : 47
  }, {
    "shape" : "92b7528f-b9d7-4e81-a1c1-0503325479c9",
    "color" : "#D91218",
    "position" : {
      "x" : 22.18034,
      "y" : 4.236068,
      "z" : 2.618034
    },
    "orientation" : 32
  }, {
    "shape" : "92b7528f-b9d7-4e81-a1c1-0503325479c9",
    "color" : "#D91218",
    "position" : {
      "x" : 4.236068,
      "y" : -2.618034,
      "z" : 0.0
    },
    "orientation" : 16
  }, {
    "shape" : "04d49d04-e203-43bd-b984-6dc270edaed7",
    "color" : "#CCFFCC",
    "position" : {
      "x" : 0.0,
      "y" : 4.236068,
      "z" : 11.09017
    }
  }, {
    "shape" : "92b7528f-b9d7-4e81-a1c1-0503325479c9",
    "color" : "#D91218",
    "position" : {
      "x" : -9.472136,
      "y" : 6.854102,
      "z" : 11.09017
    },
    "orientation" : 17
  }, {
    "shape" : "92b7528f-b9d7-4e81-a1c1-0503325479c9",
    "color" : "#D91218",
    "position" : {
      "x" : -2.618034,
      "y" : 4.236068,
      "z" : 6.854102
    },
    "orientation" : 31
  }, {
    "shape" : "92b7528f-b9d7-4e81-a1c1-0503325479c9",
    "color" : "#D91218",
    "position" : {
      "x" : 6.854102,
      "y" : -6.854102,
      "z" : 6.854102
    },
    "orientation" : 15
  }, {
    "shape" : "92b7528f-b9d7-4e81-a1c1-0503325479c9",
    "color" : "#D91218",
    "position" : {
      "x" : 1.618034,
      "y" : 2.618034,
      "z" : 17.944271
    },
    "orientation" : 2
  }, {
    "shape" : "92b7528f-b9d7-4e81-a1c1-0503325479c9",
    "color" : "#D91218",
    "position" : {
      "x" : -6.854102,
      "y" : -6.854102,
      "z" : 6.854102
    },
    "orientation" : 16
  }, {
    "shape" : "04d49d04-e203-43bd-b984-6dc270edaed7",
    "color" : "#000000",
    "position" : {
      "x" : 13.708204,
      "y" : 0.0,
      "z" : 22.18034
    }
  }, {
    "shape" : "04d49d04-e203-43bd-b984-6dc270edaed7",
    "color" : "#33FF00",
    "position" : {
      "x" : 8.472136,
      "y" : 17.944271,
      "z" : 11.09017
    }
  }, {
    "shape" : "04d49d04-e203-43bd-b984-6dc270edaed7",
    "color" : "#F2F2F2",
    "position" : {
      "x" : -6.854102,
      "y" : 6.854102,
      "z" : 15.326238
    }
  }, {
    "shape" : "92b7528f-b9d7-4e81-a1c1-0503325479c9",
    "color" : "#000000",
    "position" : {
      "x" : -9.472136,
      "y" : 2.618034,
      "z" : 13.708204
    },
    "orientation" : 46
  }, {
    "shape" : "92b7528f-b9d7-4e81-a1c1-0503325479c9",
    "color" : "#D91218",
    "position" : {
      "x" : 17.944271,
      "y" : 11.09017,
      "z" : 13.708204
    },
    "orientation" : 32
  }, {
    "shape" : "92b7528f-b9d7-4e81-a1c1-0503325479c9",
    "color" : "#000000",
    "position" : {
      "x" : -9.472136,
      "y" : -2.618034,
      "z" : 13.708204
    },
    "orientation" : 16
  }, {
    "shape" : "92b7528f-b9d7-4e81-a1c1-0503325479c9",
    "color" : "#D91218",
    "position" : {
      "x" : 11.09017,
      "y" : -9.472136,
      "z" : 6.854102
    },
    "orientation" : 16
  }, {
    "shape" : "04d49d04-e203-43bd-b984-6dc270edaed7",
    "color" : "#F2F2F2",
    "position" : {
      "x" : 1.618034,
      "y" : -6.854102,
      "z" : -6.854102
    }
  }, {
    "shape" : "04d49d04-e203-43bd-b984-6dc270edaed7",
    "color" : "#F2F2F2",
    "position" : {
      "x" : 11.09017,
      "y" : 0.0,
      "z" : -4.236068
    }
  }, {
    "shape" : "92b7528f-b9d7-4e81-a1c1-0503325479c9",
    "color" : "#D91218",
    "position" : {
      "x" : 11.09017,
      "y" : -4.236068,
      "z" : 6.854102
    },
    "orientation" : 1
  }, {
    "shape" : "92b7528f-b9d7-4e81-a1c1-0503325479c9",
    "color" : "#D91218",
    "position" : {
      "x" : -11.09017,
      "y" : 0.0,
      "z" : 4.236068
    },
    "orientation" : 15
  }, {
    "shape" : "92b7528f-b9d7-4e81-a1c1-0503325479c9",
    "color" : "#000000",
    "position" : {
      "x" : 11.09017,
      "y" : -8.472136,
      "z" : 17.944271
    },
    "orientation" : 30
  }, {
    "shape" : "92b7528f-b9d7-4e81-a1c1-0503325479c9",
    "color" : "#D91218",
    "position" : {
      "x" : 4.236068,
      "y" : 11.09017,
      "z" : 13.708204
    },
    "orientation" : 47
  }, {
    "shape" : "04d49d04-e203-43bd-b984-6dc270edaed7",
    "color" : "#F2F2F2",
    "position" : {
      "x" : 19.562305,
      "y" : 0.0,
      "z" : 9.472136
    }
  }, {
    "shape" : "92b7528f-b9d7-4e81-a1c1-0503325479c9",
    "color" : "#D91218",
    "position" : {
      "x" : 8.472136,
      "y" : 17.944271,
      "z" : 2.618034
    },
    "orientation" : 2
  }, {
    "shape" : "92b7528f-b9d7-4e81-a1c1-0503325479c9",
    "color" : "#D91218",
    "position" : {
      "x" : -2.618034,
      "y" : -9.472136,
      "z" : 6.854102
    },
    "orientation" : 16
  }, {
    "shape" : "92b7528f-b9d7-4e81-a1c1-0503325479c9",
    "color" : "#D91218",
    "position" : {
      "x" : 0.0,
      "y" : 0.0,
      "z" : 22.18034
    },
    "orientation" : 47
  }, {
    "shape" : "92b7528f-b9d7-4e81-a1c1-0503325479c9",
    "color" : "#D91218",
    "position" : {
      "x" : 1.618034,
      "y" : 2.618034,
      "z" : -4.236068
    },
    "orientation" : 17
  }, {
    "shape" : "92b7528f-b9d7-4e81-a1c1-0503325479c9",
    "color" : "#D91218",
    "position" : {
      "x" : 4.236068,
      "y" : -6.854102,
      "z" : 11.09017
    },
    "orientation" : 31
  }, {
    "shape" : "92b7528f-b9d7-4e81-a1c1-0503325479c9",
    "color" : "#D91218",
    "position" : {
      "x" : 6.854102,
      "y" : -6.854102,
      "z" : 20.562305
    },
    "orientation" : 47
  }, {
    "shape" : "92b7528f-b9d7-4e81-a1c1-0503325479c9",
    "color" : "#000000",
    "position" : {
      "x" : 0.0,
      "y" : -13.708204,
      "z" : 13.708204
    },
    "orientation" : 47
  }, {
    "shape" : "92b7528f-b9d7-4e81-a1c1-0503325479c9",
    "color" : "#D91218",
    "position" : {
      "x" : -2.618034,
      "y" : 0.0,
      "z" : 4.236068
    },
    "orientation" : 47
  }, {
    "shape" : "92b7528f-b9d7-4e81-a1c1-0503325479c9",
    "color" : "#000000",
    "position" : {
      "x" : 15.326238,
      "y" : -6.854102,
      "z" : -1.618034
    },
    "orientation" : 46
  }, {
    "shape" : "04d49d04-e203-43bd-b984-6dc270edaed7",
    "color" : "#F2F2F2",
    "position" : {
      "x" : 12.708204,
      "y" : 6.854102,
      "z" : 11.09017
    }
  }, {
    "shape" : "04d49d04-e203-43bd-b984-6dc270edaed7",
    "color" : "#F2F2F2",
    "position" : {
      "x" : 6.854102,
      "y" : 11.09017,
      "z" : 17.944271
    }
  }, {
    "shape" : "04d49d04-e203-43bd-b984-6dc270edaed7",
    "color" : "#F2F2F2",
    "position" : {
      "x" : 11.09017,
      "y" : 13.708204,
      "z" : 4.236068
    }
  }, {
    "shape" : "04d49d04-e203-43bd-b984-6dc270edaed7",
    "color" : "#CCFFCC",
    "position" : {
      "x" : 8.472136,
      "y" : -4.236068,
      "z" : 2.618034
    }
  }, {
    "shape" : "92b7528f-b9d7-4e81-a1c1-0503325479c9",
    "color" : "#D91218",
    "position" : {
      "x" : 1.618034,
      "y" : 11.09017,
      "z" : 4.236068
    },
    "orientation" : 45
  }, {
    "shape" : "92b7528f-b9d7-4e81-a1c1-0503325479c9",
    "color" : "#D91218",
    "position" : {
      "x" : 0.0,
      "y" : -4.236068,
      "z" : 2.618034
    },
    "orientation" : 32
  }, {
    "shape" : "92b7528f-b9d7-4e81-a1c1-0503325479c9",
    "color" : "#000000",
    "position" : {
      "x" : 11.09017,
      "y" : -13.708204,
      "z" : 9.472136
    },
    "orientation" : 0
  }, {
    "shape" : "92b7528f-b9d7-4e81-a1c1-0503325479c9",
    "color" : "#D91218",
    "position" : {
      "x" : 22.18034,
      "y" : 0.0,
      "z" : 13.708204
    },
    "orientation" : 45
  }, {
    "shape" : "92b7528f-b9d7-4e81-a1c1-0503325479c9",
    "color" : "#D91218",
    "position" : {
      "x" : -2.618034,
      "y" : -4.236068,
      "z" : 6.854102
    },
    "orientation" : 1
  }, {
    "shape" : "92b7528f-b9d7-4e81-a1c1-0503325479c9",
    "color" : "#D91218",
    "position" : {
      "x" : 4.236068,
      "y" : 2.618034,
      "z" : 13.708204
    },
    "orientation" : 1
  }, {
    "shape" : "92b7528f-b9d7-4e81-a1c1-0503325479c9",
    "color" : "#D91218",
    "position" : {
      "x" : 8.472136,
      "y" : 13.708204,
      "z" : 0.0
    },
    "orientation" : 30
  }, {
    "shape" : "92b7528f-b9d7-4e81-a1c1-0503325479c9",
    "color" : "#D91218",
    "position" : {
      "x" : 22.18034,
      "y" : 0.0,
      "z" : 0.0
    },
    "orientation" : 32
  }, {
    "shape" : "92b7528f-b9d7-4e81-a1c1-0503325479c9",
    "color" : "#D91218",
    "position" : {
      "x" : 1.618034,
      "y" : -2.618034,
      "z" : -4.236068
    },
    "orientation" : 16
  }, {
    "shape" : "92b7528f-b9d7-4e81-a1c1-0503325479c9",
    "color" : "#D91218",
    "position" : {
      "x" : 8.472136,
      "y" : 0.0,
      "z" : 0.0
    },
    "orientation" : 2
  }, {
    "shape" : "92b7528f-b9d7-4e81-a1c1-0503325479c9",
    "color" : "#000000",
    "position" : {
      "x" : -4.236068,
      "y" : 11.09017,
      "z" : 13.708204
    },
    "orientation" : 0
  }, {
    "shape" : "04d49d04-e203-43bd-b984-6dc270edaed7",
    "color" : "#F2F2F2",
    "position" : {
      "x" : 15.326238,
      "y" : 6.854102,
      "z" : -1.618034
    }
  }, {
    "shape" : "92b7528f-b9d7-4e81-a1c1-0503325479c9",
    "color" : "#D91218",
    "position" : {
      "x" : -2.618034,
      "y" : 0.0,
      "z" : -4.236068
    },
    "orientation" : 1
  }, {
    "shape" : "04d49d04-e203-43bd-b984-6dc270edaed7",
    "color" : "#F2F2F2",
    "position" : {
      "x" : 1.618034,
      "y" : 2.618034,
      "z" : -4.236068
    }
  }, {
    "shape" : "04d49d04-e203-43bd-b984-6dc270edaed7",
    "color" : "#F2F2F2",
    "position" : {
      "x" : 6.854102,
      "y" : 15.326238,
      "z" : 6.854102
    }
  }, {
    "shape" : "04d49d04-e203-43bd-b984-6dc270edaed7",
    "color" : "#F2F2F2",
    "position" : {
      "x" : -2.618034,
      "y" : 8.472136,
      "z" : 17.944271
    }
  }, {
    "shape" : "92b7528f-b9d7-4e81-a1c1-0503325479c9",
    "color" : "#D91218",
    "position" : {
      "x" : 15.326238,
      "y" : -6.854102,
      "z" : 6.854102
    },
    "orientation" : 31
  }, {
    "shape" : "04d49d04-e203-43bd-b984-6dc270edaed7",
    "color" : "#0000FF",
    "position" : {
      "x" : 15.326238,
      "y" : 11.09017,
      "z" : 17.944271
    }
  }, {
    "shape" : "04d49d04-e203-43bd-b984-6dc270edaed7",
    "color" : "#CCFFCC",
    "position" : {
      "x" : -2.618034,
      "y" : 4.236068,
      "z" : 6.854102
    }
  }, {
    "shape" : "04d49d04-e203-43bd-b984-6dc270edaed7",
    "color" : "#F2F2F2",
    "position" : {
      "x" : 15.326238,
      "y" : 2.618034,
      "z" : -4.236068
    }
  }, {
